1 0.119382 
2 0.118865 
3 0.117443 
4 0.116337 
5 0.114386 
6 0.111946 
7 0.112583 
8 0.111812 
9 0.112674 
10 0.112924 
11 0.112974 
12 0.112458 
13 0.113239 
14 0.112237 
15 0.112678 
16 0.112270 
17 0.114062 
18 0.132082 
19 0.113214 
20 0.112962 
21 0.106829 
22 0.113594 
23 0.113583 
24 0.108140 
25 0.152645 
27 0.116033 
29 0.113700 
31 0.113651 
33 0.109863 
35 0.113691 
40 0.112303 
45 0.116521 
50 0.113651 
55 0.132182 
60 0.113744 
65 0.121044 
70 0.115215 
80 0.154540 
90 0.111685 
100 0.116893 
